10401976
119439113
135348129
146100192
147252345
147252439
147316400
147526577
149887044
15252057
15340
156268864
162636011
164964458
165674483
165719911
173570219
178045214
180357353
18206
182530648
18260
183382766
183496670
183496857
183496861
187714155
192974364
197260714
20047
203350554
2059463
207829717
207830073
219111032
221480004
222829692
222917529
223009100
223425871
247601676
252293660
253671562
262724795
267547104
270535926
301703474
30244724
302750038
303065687
304811178
309279326
314027238
314495124
317528009
317679193
317753324
317753424
317847816
321292480
322267578
323364134
330217755
330310058
330995499
332681499
43956341
49457552
51935303
55067183
55067240
55419269
55803730
5901467
71692485
748856
8030240
97079777
97522875
98893253
